
0.36 2  1
0.71 3  1
1.07 4  1
1.43 5  1
1.78 6  1
2.13 7  1
2.48 8  1
2.84 9  1
3.19 10 1
3.54 11 1
3.89 12 1
4.25 13 1
4.60 14 1
4.95 15 1
5.30 16 1

0.18 2  2
0.36 3  2
0.54 4  2
0.71 5  2
0.89 6  2
1.07 7  2
1.24 8  2
1.42 9  2
1.60 10 2
1.77 11 2
1.95 12 2
2.13 13 2
2.31 14 2
2.48 15 2
2.66 16 2

0.10 2  4
0.19 3  4
0.28 4  4
0.37 5  4
0.46 6  4
0.55 7  4
0.64 8  4
0.73 9  4
0.82 10 4
0.91 11 4
1.00 12 4
1.09 13 4
1.18 14 4
1.27 15 4
1.37 16 4

0.07 2  6
0.13 3  6
0.19 4  6
0.25 5  6
0.31 6  6
0.38 7  6
0.44 8  6
0.50 9  6
0.56 10 6
0.62 11 6
0.69 12 6
0.75 13 6
0.81 14 6
0.87 15 6
0.93 16 6

0.06 2  8
0.11 3  8
0.17 4  8
0.22 5  8
0.27 6  8
0.32 7  8
0.37 8  8
0.42 9  8
0.47 10 8
0.52 11 8
0.57 12 8
0.62 13 8
0.67 14 8
0.72 15 8
0.78 16 8

0.06 2  10
0.13 3  10
0.19 4  10
0.25 5  10
0.31 6  10
0.38 7  10
0.44 8  10
0.50 9  10
0.57 10 10
0.63 11 10
0.69 12 10
0.75 13 10
0.81 14 10
0.87 15 10
0.93 16 10

0.06 2  12
0.11 3  12
0.17 4  12
0.22 5  12
0.27 6  12
0.33 7  12
0.39 8  12
0.44 9  12
0.49 10 12
0.55 11 12
0.60 12 12
0.66 13 12
0.71 14 12
0.76 15 12
0.82 16 12

0.08 2  14
0.14 3  14
0.19 4  14
0.25 5  14
0.30 6  14
0.36 7  14
0.42 8  14
0.47 9  14
0.54 10 14
0.59 11 14
0.65 12 14
0.70 13 14
0.76 14 14
0.81 15 14
0.87 16 14

0.08 2  16
0.13 3  16
0.18 4  16
0.23 5  16
0.28 6  16
0.33 7  16
0.38 8  16
0.43 9  16
0.48 10 16
0.52 11 16
0.57 12 16
0.62 13 16
0.68 14 16
0.73 15 16
0.78 16 16
